
a = 5.5
a =   5.5
b = 4.1
b =   4.1
format bank
x = a - b
x =   1.4
a = 5.7
b = 2.8
c = 4.3
x1 = (a-b)/c
a = 7.5
b = 2.8
c = 0.87
d = 4.3
x2 = (a-b*c)/d
a = 7.5
b = 2.8
c = 4.3
x3 = (a - b)/c^2
a = 3
b = 2.2
c = 2.8
d = 4.3
x4 = ((a * b - c)/ d)^3 + a
a = 42
b = 7
c = 10
x5 = (((a^2.1) + b)/ (c)^1.7)^2
x6 = 5.5 -4.1
x7 = (5.7 - 2.8)/4.3
x8 = (7.5 - 2.8 * 0.87)/4.3
x9 = (7.5 - 2.8)/4.3^2
x10 = ((3*2.2 - 2.8)/4.3)^3 + 3
x11 = (((42^2.1)+7)/(10)^1.7)^2
x = 1:2:9
x =












